371046060074006
371404851351002
371352825041011
371809005762013
371039098301012
371044097381007
372066142211011
372425119311008
4012001037141112
4012001036273338
4012001036273320
4012001036275556
4012001038443335
4012001038488884
4012001036298889
4012001036853337
4012001036983332
4012001037141112
4005559876540
4012001037167778
4012001037461114
4012001037484447
4012001037490006
4012001037490014
4012010000000000009
4012001036273338
4012001036273346
4012001036273320
4012001037141369
4015025900540
4015095901247
4015105901348
4015115901449
4015265902964
4015275903065
4015285903166
4015295903267
4015305903340
4015315903441
4015325903542
4015335903643
4015345903744
4015395904249
4015401590435
4015415904451
4015475905057
4015485905158
4015495905259
4015505905360
4015515905461
4015525905562
4015535905663
4015545905764
4015555905865
4015565905966
4015575906067
4015585906123
4015595906224
4015605906325
4015615906426
4015625906527
4015635906628
4015645906729
4015655906830
4015665906931
4015675907032
4015685907133
4015695907234
4015705907335
4015765907941
4015775908042
4015785908143
4015795908244
4015805908345
4015895909254
4015905909355
4015915909456
4015925909557
4015935909658
4015945909759
4015955909860
4016055910813
4016065910914
4016075911015
4016085911116
4016095911217
4016105911318
4016115911419
4016125911520
4016135911621
4016145911722
4016155911823
4016165911924
4016175912025
4016185912126
4016195912227
4016205912328
4016215912429
4016325913540
4016335913641
4016345913742
4016355913870
4016365913971
4016375914012
4016385914173
4016395914274
4016401591435
4016415914476
4016425914577
4016435914678
4016555915890
4016565915991
4016575916092
4016585916193
4016595916294
4016605916395
4016615916496
4016625916597
4016635916611
4016645916712
4016655916813
4016665916914
4016675917015
4016685917116
4016695917217
4016705917318
4016715917419
4016825918530
4016835918631
4016845918732
4016855918833
4016865918934
4016875919035
4016885919136
4016895919237
4016905919338
4016915919439
4016985920146
4016995920247
4017005920348
4017015920449
5151301400246102
5191409037560100
5191630100004896
5191630100004896
5217842001006736
565130140025
5694301400246102126
5651301400246102
6011008959000552
6011000286505908
6011009738505499
6011001435500733
6011008256506574
6011006308506485
6011000620027098
6011008877502069