1231231234
1231231235
1231231236
1231231237
1231231238
1231231239
1231231240
1231231241
1231231242
1231231243
1231231244
1231231245
1231231246
1231231247
1231231248
1231231249
1231231250
1231231251
1231231252
1231231253
1231231254
1231231255
1231231256
1231231257
1231231258
1231231259
1231231260
1231231261
1231231262
1231231263
1231231264
1231231265
1231231266
1231231267
1231231268
1231231269
1231231270
1231231271
1231231272
1231231273
1231231274
1231231275
1231231276
1231231277
1231231278
1231231279
1231231280
1231231281
1231231282
1231231283