3031
3032
3033
3034
3110
3216
3217
3218
3220
3221
3222
3223
3224
3225
3226
3275
3303
3304
3440
3441
3442
3570
3574
3575
3598
3602
3740
3741
3785
3809
3810
3811
3812
3813
3818
3825
3833
3872
4001
4002
4003
4004
4046
4210
4211
4212
4216
4217
4330
4332
4333
4336
4338
4401
4402
4408
4414
4426
4468
4497
4530
4535
4606
4609
4653
4694
4732
4737
4774
4862
4910
4911
4912
4966
6001
6002
6037
6043
6057
6063
6074
6096
6112
6114
6117
6137
6230
6231
6232
6233
6250
6278
6330
6334
6340
6351
6401
6403
6404
6405
6516
6524
6601
6602
6604
6605
6606
6607
6608
6610
6611
6671
6683
6685
6693
6700
6733
6741
6746
6750
6751
6762
6783
6801
6830
9100
9173
9230
9280
9281
9282
9285
9289
9450
9458
9500
9564
9571
9594
9950
9951
9952
9954
9955
9961
9972
9978
14701
14706
14707
14708
14709
14710
14711
14712
14714
14715
14716
14717
14718
14719
18083
18085
18086
18087
18088
18091
18092
19701
19702
19703
19706
19734
19802
19805
19809
19810
19901
19902
19903
19904
19905
19906
19930
19931
19933
19934
19936
19938
19939
19940
19941
19943
19944
19945
19946
19950
19970
19971
19973
19975
20001
20002
20003
20004
20005
20006
20007
20008
20009
20010
20011
20012
20013
20015
20016
20017
20018
20019
20020
20022
20023
20024
20026
20027
20029
20030
20032
20041
20050
20088
20336
20373
20390
20500
20529
22301
22302
22304
27281
27282
27283
27284
30436
30438
30439
30441
30442
30445
30446
30447
30448
30449
30450
30451
30452
30453
30454
30455
30456
32034
32035
32080
32123
32320
32329
32346
32420
32421
32501
32502
32503
32504
32505
32506
32507
32508
32509
32511
32512
32513
32514
32516
32520
32521
32522
32523
32524
32526
32616
32617
32701
32702
32703
32704
32714
32715
32716
32792
32820
32825
32826
32828
32829
32831
32833
32834
32878
33570
33572
33820
33920
34216
35004
35005
35006
35007
35010
35011
35013
35014
35015
35016
35019
35020
35021
35022
35023
35031
35032
35033
35034
35035
35036
35038
35040
35041
35042
35043
35044
35045
35046
35048
35049
35051
35052
35053
35054
35055
35056
45250
45251
45252
45253
45254
45255
45258
45262
48001
48002
48003
48004
48006
48097
48101
48102
48103
48104
48105
48106
48107
48108
48109
48110
48113
48114
48115
48116
48160
48162
48301
48302
48303
48304
48321
48326
48367
48413
48414
48462
48610
48611
48612
48614
48615
48701
48705
48706
48707
48708
48710
48720
48722
48801
48802
48807
48808
49010
49012
49013
49014
49015
49016
49017
49018
49020
49026
49027
49028
49101
49106
49220
49221
49224
49227
49228
49229
49301
49302
49303
49304
49305
49311
49312
49355
49356
49357
49401
49402
49464
49611
49612
49614
49618
49619
49705
49706
49707
49710
49711
49712
49713
49715
49770
49775
49782
49805
49807
49836
49837
49901
49902
49903
49908
49935
50001
50002
50003
50005
50006
50007
50008
50009
50010
50011
50012
50043
50208
50237
50255
50256
50257
50258
50259
50420
50510
50511
50601
50602
50603
50830
51001
51002
51003
51062
51230
51354
52142
52171
52201
52202
52203
52204
52205
52530
52531
52533
56631
56633
56901
56915
56920
61612
61613
66401
66501
66711
66741
66901
67001
67511
67601
67621
67831
68002
68003
68005
68007
68008
68009
68010
68015
68016
68017
68104
68123
68147
68157
68301
68303
68304
68305
68307
68313
68314
68315
68316
68317
68318
68319
68325
68326
68327
68328
68333
68404
68428
68429
68444
68505
68524
68526
68620
68621
68623
68624
68627
68628
68629
68655
68710
68711
68713
68716
68717
68718
68722
68723
68724
68725
68726
68810
68812
68813
68814
68815
68816
68817
68818
68820
68823
68824
68825
68826
68827
68852
68855
68858
68866
68869
68879
68883
68920
68922
68923
68924
68926
68927
68928
68929
68930
68932
68933
68939
68940
68955
68967
68978
68979
69021
69022
69023
69120
69121
69122
69128
69129
69151
69210
69211
69301
69331
69333
69335
69337
69340
69343
70031
70032
70114
70340
70360
70420
70421
70422
70426
70467
70510
70511
70710
70711
70712
71001
71037
71269
71270
71301
71302
71303
71306
71307
71309
71315
71316
71401
71403
71409
71417
71450
71467
71469
71601
71630
71653
71820
71822
71920
71921
71922
71923
71953
71971
71998
71999
72001
72002
72003
72004
72005
72006
72031
72046
72055
72112
72126
72134
72143
72156
72310
72311
72410
72513
72611
72680
72820
72821
72823
72921
72944
76443
76444
76445
76446
76448
76449
76450
76452
76453
76454
76455
76457
78501
78502
78503
78504
78505
78516
78520
78521
78522
78523
78526
78535
78536
80001
80002
80003
80004
80005
80006
80007
80021
80022
80101
80403
80420
80510
80720
80721
80801
80802
80804
80831
80862
81020
81021
81101
81102
81120
81121
81132
81137
81154
81210
81236
81321
81505
81611
81612
81650
85086
85217
85218
85219
85220
85221
85223
85242
85278
85287
85290
85320
85321
85322
85323
85324
85325
85601
85602
85603
85605
85607
85640
85643
85645
85920
85922
86015
86030
86031
86033
86320
86321
86333
86335
86432
86506
86520
91001
91301
91350
91376
91377
91390
91701
91801
91802
91803
91804
91841
91896
92274
92276
92277
92278
92301
92536
92801
93446
93510
93523
93526
93545
93601
94128
94501
94502
94507
94706
94710
95220
95221
95410
95441
95476
95511
95601
95701
95920
96006
96101
96140
99501
99511
99521
99551
99571
99721
